0 0
0.01 0.0271828
0.02 0.0546797
0.03 0.0824905
0.04 0.110614
0.05 0.139051
0.06 0.167798
0.07 0.196854
0.08 0.226219
0.09 0.255888
0.1 0.285861
0.11 0.316134
0.12 0.346704
0.13 0.377568
0.14 0.408723
0.15 0.440163
0.16 0.471886
0.17 0.503886
0.18 0.536159
0.19 0.568701
0.2 0.601504
0.21 0.634565
0.22 0.667877
0.23 0.701434
0.24 0.73523
0.25 0.769258
0.26 0.803512
0.27 0.837985
0.28 0.872668
0.29 0.907556
0.3 0.942641
0.31 0.977914
0.32 1.01337
0.33 1.04899
0.34 1.08478
0.35 1.12073
0.36 1.15682
0.37 1.19305
0.38 1.22941
0.39 1.26589
0.4 1.30249
0.41 1.33918
0.42 1.37597
0.43 1.41283
0.44 1.44978
0.45 1.48678
0.46 1.52384
0.47 1.56095
0.48 1.59808
0.49 1.63525
0.5 1.67242
0.51 1.70961
0.52 1.74679
0.53 1.78395
0.54 1.82109
0.55 1.85819
0.56 1.89525
0.57 1.93226
0.58 1.9692
0.59 2.00607
0.6 2.04285
0.61 2.07955
0.62 2.11614
0.63 2.15262
0.64 2.18898
0.65 2.22521
0.66 2.2613
0.67 2.29725
0.68 2.33304
0.69 2.36866
0.7 2.40412
0.71 2.43939
0.72 2.47448
0.73 2.50936
0.74 2.54405
0.75 2.57852
0.76 2.61277
0.77 2.6468
0.78 2.6806
0.79 2.71416
0.8 2.74747
0.81 2.78053
0.82 2.81333
0.83 2.84587
0.839999 2.87815
0.849999 2.91015
0.859999 2.94187
0.869999 2.97331
0.879999 3.00446
0.889999 3.03533
0.899999 3.0659
0.909999 3.09617
0.919999 3.12614
0.929999 3.15581
0.939999 3.18518
0.949999 3.21424
0.959999 3.24298
0.969999 3.27142
0.979999 3.29954
0.989999 3.32735
0.999999 3.35485
