0.000000000000000 0.000000000000000
0.009999999776483 0.027182817459106
0.019999999552965 0.054679743945599
0.029999999329448 0.082490466535091
0.039999999105930 0.110614366829395
0.049999997019768 0.139050513505936
0.059999994933605 0.167797669768333
0.069999992847443 0.196854293346405
0.079999990761280 0.226218536496162
0.089999988675117 0.255888253450394
0.099999986588955 0.285860985517502
0.109999984502792 0.316133975982666
0.119999982416630 0.346704185009003
0.129999980330467 0.377568244934082
0.139999985694885 0.408722549676895
0.149999991059303 0.440163165330887
0.159999996423721 0.471885889768600
0.170000001788139 0.503886222839355
0.180000007152557 0.536159455776215
0.190000012516975 0.568700551986694
0.200000017881393 0.601504206657410
0.210000023245811 0.634564876556396
0.220000028610229 0.667876780033112
0.230000033974648 0.701433837413788
0.240000039339066 0.735229790210724
0.250000029802322 0.769258081912994
0.260000020265579 0.803511977195740
0.270000010728836 0.837984502315521
0.280000001192093 0.872668445110321
0.289999991655350 0.907556414604187
0.299999982118607 0.942640781402588
0.309999972581863 0.977913796901703
0.319999963045120 1.013367414474487
0.329999953508377 1.048993468284607
0.339999943971634 1.084783673286438
0.349999934434891 1.120729565620422
0.359999924898148 1.156822443008423
0.369999915361404 1.193053483963013
0.379999905824661 1.229413866996765
0.389999896287918 1.265894412994385
0.399999886751175 1.302486062049866
0.409999877214432 1.339179396629333
0.419999867677689 1.375965118408203
0.429999858140945 1.412833809852600
0.439999848604202 1.449775815010071
0.449999839067459 1.486781477928162
0.459999829530716 1.523841142654419
0.469999819993973 1.560945153236389
0.479999810457230 1.598083615303040
0.489999800920486 1.635246753692627
0.499999791383743 1.672424674034119
0.509999811649323 1.709607481956482
0.519999802112579 1.746785402297974
0.529999792575836 1.783948540687561
0.539999783039093 1.821087002754211
0.549999773502350 1.858191013336182
0.559999763965607 1.895250678062439
0.569999754428864 1.932256340980530
0.579999744892120 1.969198346138000
0.589999735355377 2.006067037582397
0.599999725818634 2.042852878570557
0.609999716281891 2.079546213150024
0.619999706745148 2.116137742996216
0.629999697208405 2.152618408203125
0.639999687671661 2.188978672027588
0.649999678134918 2.225209712982178
0.659999668598175 2.261302709579468
0.669999659061432 2.297248601913452
0.679999649524689 2.333038806915283
0.689999639987946 2.368664979934692
0.699999630451202 2.404118537902832
0.709999620914459 2.439391613006592
0.719999611377716 2.474476099014282
0.729999601840973 2.509364128112793
0.739999592304230 2.544048070907593
0.749999582767487 2.578520536422729
0.759999573230743 2.612774372100830
0.769999563694000 2.646802663803101
0.779999554157257 2.680598497390747
0.789999544620514 2.714155673980713
0.799999535083771 2.747467517852783
0.809999525547028 2.780528306961060
0.819999516010284 2.813332080841064
0.829999506473541 2.845873117446899
0.839999496936798 2.878146409988403
0.849999487400055 2.910146713256836
0.859999477863312 2.941869497299194
0.869999468326569 2.973310232162476
0.879999458789825 3.004464626312256
0.889999449253082 3.035328626632690
0.899999439716339 3.065898895263672
0.909999430179596 3.096171855926514
0.919999420642853 3.126144647598267
0.929999411106110 3.155814409255981
0.939999401569366 3.185178756713867
0.949999392032623 3.214235305786133
0.959999382495880 3.242982387542725
0.969999372959137 3.271418571472168
0.979999363422394 3.299542427062988
0.989999353885651 3.327353239059448
0.999999344348907 3.354850292205811
