0.000000000000000 0.000000000000000
0.009999999776483 0.009999999776483
0.019999999552965 0.019999500364065
0.029999999329448 0.029997499659657
0.039999999105930 0.039992999285460
0.049999997019768 0.049984999001026
0.059999994933605 0.059972502291203
0.069999992847443 0.069954507052898
0.079999990761280 0.079930014908314
0.089999988675117 0.089898034930229
0.099999986588955 0.099857561290264
0.109999984502792 0.109807603061199
0.119999982416630 0.119747161865234
0.129999980330467 0.129675254225731
0.139999985694885 0.139590874314308
0.149999991059303 0.149493038654327
0.159999996423721 0.159380748867989
0.170000001788139 0.169253021478653
0.180000007152557 0.179108873009682
0.190000012516975 0.188947305083275
0.200000017881393 0.198767349123955
0.210000023245811 0.208568021655083
0.220000028610229 0.218348324298859
0.230000033974648 0.228107303380966
0.240000039339066 0.237843960523605
0.250000029802322 0.247557342052460
0.260000020265579 0.257246464490891
0.270000010728836 0.266910374164581
0.280000001192093 0.276548087596893
0.289999991655350 0.286158651113510
0.299999982118607 0.295741081237793
0.309999972581863 0.305294454097748
0.319999963045120 0.314817786216736
0.329999953508377 0.324310153722763
0.339999943971634 0.333770573139191
0.349999934434891 0.343198120594025
0.359999924898148 0.352591842412949
0.369999915361404 0.361950814723969
0.379999905824661 0.371274083852768
0.389999896287918 0.380560725927353
0.399999886751175 0.389809817075729
0.409999877214432 0.399020433425903
0.419999867677689 0.408191651105881
0.429999858140945 0.417322546243668
0.439999848604202 0.426412194967270
0.449999839067459 0.435459703207016
0.459999829530716 0.444464176893234
0.469999819993973 0.453424692153931
0.479999810457230 0.462340384721756
0.489999800920486 0.471210330724716
0.499999791383743 0.480033665895462
0.509999811649323 0.488809496164322
0.519999802112579 0.497536927461624
0.529999792575836 0.506215095520020
0.539999783039093 0.514843165874481
0.549999773502350 0.523420274257660
0.559999763965607 0.531945526599884
0.569999754428864 0.540418088436127
0.579999744892120 0.548837125301361
0.589999735355377 0.557201743125916
0.599999725818634 0.565511167049408
0.609999716281891 0.573764503002167
0.619999706745148 0.581960976123810
0.629999697208405 0.590099751949310
0.639999687671661 0.598180055618286
0.649999678134918 0.606200993061066
0.659999668598175 0.614161849021912
0.669999659061432 0.622061789035797
0.679999649524689 0.629899978637695
0.689999639987946 0.637675702571869
0.699999630451202 0.645388185977936
0.709999620914459 0.653036594390869
0.719999611377716 0.660620212554932
0.729999601840973 0.668138265609741
0.739999592304230 0.675590038299561
0.749999582767487 0.682974755764008
0.759999573230743 0.690291643142700
0.769999563694000 0.697539985179901
0.779999554157257 0.704719066619873
0.789999544620514 0.711828231811523
0.799999535083771 0.718866705894470
0.809999525547028 0.725833773612976
0.819999516010284 0.732728779315948
0.829999506473541 0.739551007747650
0.839999496936798 0.746299743652344
0.849999487400055 0.752974390983582
0.859999477863312 0.759574234485626
0.869999468326569 0.766098618507385
0.879999458789825 0.772546887397766
0.889999449253082 0.778918385505676
0.899999439716339 0.785212516784668
0.909999430179596 0.791428625583649
0.919999420642853 0.797566115856171
0.929999411106110 0.803624331951141
0.939999401569366 0.809602677822113
0.949999392032623 0.815500557422638
0.959999382495880 0.821317374706268
0.969999372959137 0.827052593231201
0.979999363422394 0.832705616950989
0.989999353885651 0.838275849819183
0.999999344348907 0.843762755393982
