0.000000000000000 0.000000000000000
0.000000000000000 0.000000000000000
0.000000000000000 0.000000000000000
0.000000000000000 0.000000000000000
0.009999999776483 0.000117790332297
0.019999999552965 0.000601923267823
0.029999999329448 0.001386481919326
0.039999999105930 0.002483779797330
0.049999997019768 0.003892734181136
0.059999994933605 0.005611954256892
0.069999992847443 0.007639743853360
0.079999990761280 0.009974101558328
0.089999988675117 0.012612722814083
0.099999986588955 0.015553005039692
0.109999984502792 0.018792046234012
0.119999982416630 0.022326648235321
0.129999980330467 0.026153324171901
0.139999985694885 0.030268298462033
0.149999991059303 0.034667510539293
0.159999996423721 0.039346616715193
0.170000001788139 0.044300999492407
0.180000007152557 0.049525771290064
0.190000012516975 0.055015772581100
0.200000017881393 0.060765590518713
0.210000023245811 0.066769547760487
0.220000028610229 0.073021717369556
0.230000033974648 0.079515933990479
0.240000039339066 0.086245782673359
0.250000029802322 0.093204624950886
0.260000020265579 0.100385591387749
0.270000010728836 0.107781596481800
0.280000001192093 0.115385346114635
0.289999991655350 0.123189330101013
0.299999982118607 0.131185844540596
0.309999972581863 0.139366999268532
0.319999963045120 0.147724732756615
0.329999953508377 0.156250789761543
0.339999943971634 0.164936751127243
0.349999934434891 0.173774048686028
0.359999924898148 0.182753950357437
0.369999915361404 0.191867604851723
0.379999905824661 0.201106011867523
0.389999896287918 0.210460066795349
0.399999886751175 0.219920530915260
0.409999877214432 0.229478061199188
0.419999867677689 0.239123240113258
0.429999858140945 0.248846545815468
0.439999848604202 0.258638381958008
0.449999839067459 0.268489062786102
0.459999829530716 0.278388887643814
0.469999819993973 0.288328081369400
0.479999810457230 0.298296838998795
0.489999800920486 0.308285325765610
0.499999791383743 0.318283677101135
0.509999811649323 0.328282028436661
0.519999802112579 0.338270515203476
0.529999792575836 0.348239272832870
0.539999783039093 0.358178466558456
0.549999773502350 0.368078291416168
0.559999763965607 0.377928972244263
0.569999754428864 0.387720793485641
0.579999744892120 0.397444099187851
0.589999735355377 0.407089293003082
0.599999725818634 0.416646838188171
0.609999716281891 0.426107317209244
0.619999706745148 0.435461372137070
0.629999697208405 0.444699794054031
0.639999687671661 0.453813463449478
0.649999678134918 0.462793380022049
0.659999668598175 0.471630662679672
0.669999659061432 0.480316638946533
0.679999649524689 0.488842695951462
0.689999639987946 0.497200429439545
0.699999630451202 0.505381584167480
0.709999620914459 0.513378083705902
0.719999611377716 0.521182060241699
0.729999601840973 0.528785824775696
0.739999592304230 0.536181867122650
0.749999582767487 0.543362855911255
0.759999573230743 0.550321698188782
0.769999563694000 0.557051539421082
0.779999554157257 0.563545763492584
0.789999544620514 0.569797933101654
0.799999535083771 0.575801908969879
0.809999525547028 0.581551730632782
0.819999516010284 0.587041735649109
0.829999506473541 0.592266499996185
0.839999496936798 0.597220897674561
0.849999487400055 0.601900041103363
0.859999477863312 0.606299281120300
0.869999468326569 0.610414266586304
0.879999458789825 0.614240944385529
0.889999449253082 0.617775559425354
0.899999439716339 0.621014595031738
0.909999430179596 0.623954892158508
0.919999420642853 0.626593530178070
0.929999411106110 0.628927886486053
0.939999401569366 0.630955696105957
0.949999392032623 0.632674932479858
0.959999382495880 0.634083926677704
0.969999372959137 0.635181248188019
