0 0
0.01 0
0.02 0.0001
0.03 0.000301
0.04 0.00060401
0.05 0.00101005
0.06 0.00152015
0.07 0.00213535
0.08 0.00285671
0.09 0.00368527
0.1 0.00462213
0.11 0.00566835
0.12 0.00682503
0.13 0.00809328
0.14 0.00947421
0.15 0.010969
0.16 0.0125786
0.17 0.0143044
0.18 0.0161475
0.19 0.0181089
0.2 0.02019
0.21 0.0223919
0.22 0.0247159
0.23 0.027163
0.24 0.0297346
0.25 0.032432
0.26 0.0352563
0.27 0.0382089
0.28 0.041291
0.29 0.0445039
0.3 0.0478489
0.31 0.0513274
0.32 0.0549407
0.33 0.0586901
0.34 0.062577
0.35 0.0666028
0.36 0.0707688
0.37 0.0750765
0.38 0.0795272
0.39 0.0841225
0.4 0.0888637
0.41 0.0937524
0.42 0.0987899
0.43 0.103978
0.44 0.109318
0.45 0.114811
0.46 0.120459
0.47 0.126263
0.48 0.132226
0.49 0.138348
0.5 0.144632
0.51 0.151078
0.52 0.157689
0.53 0.164466
0.54 0.17141
0.55 0.178525
0.56 0.18581
0.57 0.193268
0.58 0.200901
0.59 0.20871
0.6 0.216697
0.61 0.224864
0.62 0.233212
0.63 0.241744
0.64 0.250462
0.65 0.259366
0.66 0.26846
0.67 0.277745
0.68 0.287222
0.69 0.296894
0.7 0.306763
0.71 0.316831
0.72 0.327099
0.73 0.33757
0.74 0.348246
0.75 0.359128
0.76 0.37022
0.77 0.381522
0.78 0.393037
0.79 0.404767
0.8 0.416715
0.81 0.428882
0.82 0.441271
0.83 0.453884
0.839999 0.466723
0.849999 0.47979
0.859999 0.493088
0.869999 0.506619
0.879999 0.520385
0.889999 0.534389
0.899999 0.548633
0.909999 0.563119
0.919999 0.57785
0.929999 0.592828
0.939999 0.608057
0.949999 0.623537
0.959999 0.639273
0.969999 0.655265
0.979999 0.671518
0.989999 0.688033
0.999999 0.704814
